    0.02    -0.26     0.10 
    0.03    -0.25     0.10 
    0.05    -0.09     0.10 
    0.13    -0.18     0.10 
    0.21    -0.06     0.10 
    0.26    -0.03     0.10 
    0.28     0.28     0.10 
    0.29    -0.03     0.10 
    0.42     0.11     0.10 
    0.44     0.22     0.10 
    0.46     0.23     0.10 
    0.51     0.29     0.10 
    0.55     0.45     0.10 
    0.56     0.12     0.10 
    0.59     0.33     0.10 
    0.65     0.52     0.10 
    0.68     0.35     0.10 
    0.71     0.40     0.10 
    0.89     0.84     0.10 
    0.90     0.72     0.10
